3957
3721
-9517
-23917
30803
19936
9309
4473
1127
913
1682
551
814
473
859
219
355
292
525
222
371
391
450
383
396
438
469
389
410
422
427
389
461
403
418
397
406
411
397
379
398
398
414
393
391
426
443
426
340
449
425
425
393
444
378
459
415
443
414
450
385
413
433
400
406
407
432
401
410
411
449
435
415
403
456
428
398
475
428
415
372
445
429
416
397
430
456
399
407
449
421
447
407
412
426
404
456
412
464
457
409
378
407
389
384
427
428
386
409
391
447
378
416
398
428
365
389
447
434
399
370
484
413
399
376
448
374
384
414
408
391
383
427
387
412
375
416
367
386
390
391
386
380
389
429
361
402
382
399
358
385
395
381
361
407
398
385
352
424
431
391
407
417
431
406
411
392
446
407
423
419
419
416
395
421
407
417
398
405
402
397
435
442
434
394
423
412
405
414
424
416
440
411
423
401
414
368
457
406
406
412
448
368
339
413
379
358
381
390
435
373
420
389
446
374
370
388
399
349
410
373
409
364
405
403
437
358
405
389
393
380
366
411
354
415
370
414
346
404
362
353
378
372
383
315
392
369
389
310
377
403
378
312
421
367
385
277
446
346
385
342
429
392
408
394
405
427
386
408
407
407
362
435
361
409
390
413
324
517
347
467
371
469
359
452
371
422
373
451
384
448
349
450
392
408
397
409
411
411
390
408
387
411
353
383
413
405
382
397
411
407
408
376
410
358
449
387
360
372
427
379
337
424
414
374
380
463
425
407
388
471
395
393
411
435
379
394
385
398
383
345
397
346
427
351
454
349
419
352
396
376
358
355
399
369
336
406
392
360
360
436
397
383
387
404
416
377
467
361
408
396
443
353
405
422
385
420
420
441
381
442
410
406
391
416
449
393
396
394
439
411
380
454
380
427
417
372
398
426
435
419
373
458
333
428
325
464
336
429
361
433
353
423
313
453
337
456
345
421
382
437
348
467
377
400
366
457
327
404
390
426
349
404
368
414
354
371
370
376
353
407
397
370
346
403
389
392
326
396
403
362
339
369
418
343
333
381
378
351
367
377
402
348
398
430
398
353
360
440
372
368
361
421
399
376
421
414
408
355
428
360
408
382
462
367
415
390
422
397
380
444
367
395
443
437
405
403
415
460
374
443
379
450
303
433
380
403
344
362
201
581
372
317
331
720
282
429
226
703
318
411
220
569
367
390
297
404
466
431
292
391
504
490
268
385
464
449
247
406
367
402
308
353
384
353
356
332
402
367
398
393
402
320
444
319
422
300
397
352
397
332
430
357
461
346
402
374
453
344
392
381
472
339
391
463
381
377
382
492
371
347
377
484
372
401
393
434
385
432
349
430
384
426
347
448
338
452
369
467
386
367
382
472
318
374
394
429
328
337
466
406
385
349
470
375
339
410
370
403
381
397
435
345
441
417
395
318
415
440
355
372
427
419
388
390
354
418
364
338
365
375
334
366
379
381
381
369
359
334
371
376
363
385
359
391
360
382
406
335
438
387
409
346
419
374
378
392
400
388
377
418
405
364
380
411
415
358
364
458
365
364
409
447
414
361
382
466
393
392
367
486
418
391
367
476
437
393
381
486
442
404
425
465
368
420
365
457
366
390
396
426
355
427
347
408
356
381
382
372
410
348
410
376
424
340
349
384
417
336
392
375
374
381
378
409
380
358
366
371
362
343
374
362
374
384
335
389
366
332
355
413
356
380
315
416
313
408
391
400
318
452
362
360
380
416
423
356
431
357
469
326
444
349
445
366
452
341
449
350
435
328
449
394
437
390
476
385
422
421
425
365
405
380
411
375
415
400
392
409
461
418
425
390
378
389
417
371
393
379
356
423
327
388
375
410
278
402
371
398
362
416
340
451
312
429
366
364
367
391
322
372
402
369
359
380
440
372
399
334
417
372
365
327
346
374
336
389
356
401
353
403
353
421
362
349
374
426
354
357
381
386
354
404
362
398
392
389
391
385
411
379
395
382
411
390
431
378
408
410
397
386
397
414
429
395
441
404
431
398
469
434
376
423
379
420
326
424
362
392
350
475
402
377
462
388
413
313
354
299
344
348
311
288
289
369
337
345
393
327
415
391
292
407
405
417
546
381
308
398
584
403
373
359
416
332
427
294
290
420
477
189
294
473
492
206
168
578
486
258
222
595
440
403
297
543
400
409
247
505
332
459
244
534
277
435
346
474
299
331
373
470
347
324
453
470
436
304
404
501
477
352
378
431
467
369
333
395
410
372
274
439
350
310
337
391
353
345
349
437
394
295
469
343
298
290
489
267
390
299
461
337
367
292
477
347
355
349
427
350
412
352
455
426
448
370
419
369
435
372
463
363
326
368
506
341
354
420
413
402
373
327
434
342
485
397
493
410
426
427
465
414
348
415
433
307
363
364
386
323
383
301
406
319
408
319
499
330
478
300
462
437
529
288
478
387
481
359
379
453
336
403
285
447
279
344
272
444
184
416
402
419
336
445
360
419
390
488
387
477
399
508
173
503
301
404
247
410
272
462
311
425
314
446
414
391
226
367
513
388
310
445
515
483
327
480
397
454
315
572
298
424
309
439
234
474
301
509
346
355
476
346
388
362
485
375
396
400
358
508
343
493
275
434
395
290
316
382
423
319
294
392
489
338
337
261
556
490
282
264
492
286
284
412
274
510
189
616
182
388
308
636
222
469
347
565
151
420
379
471
311
353
395
363
374
475
374
436
434
387
487
281
572
336
342
396
355
419
429
340
397
365
355
292
330
507
277
400
311
425
343
326
478
306
416
282
475
371
450
440
367
401
496
340
467
353
366
396
446
428
354
476
345
532
346
484
441
483
358
391
423
484
290
352
361
419
289
398
325
313
348
377
329
293
228
507
291
371
316
539
239
413
385
529
269
430
295
552
305
417
373
383
313
407
370
390
360
362
391
564
283
475
336
582
184
409
386
537
244
346
385
298
389
352
413
269
453
379
368
250
322
394
366
437
377
255
444
460
516
342
518
478
562
326
462
265
397
365
371
393
435
298
523
279
408
366
272
385
349
369
395
368
300
286
420
271
429
202
467
304
402
290
562
316
421
379
396
363
440
339
442
275
539
331
368
328
465
366
335
466
477
326
347
305
439
359
316
415
342
236
316
419
363
327
286
487
397
414
339
336
351
423
387
364
456
408
340
458
411
440
359
396
330
385
437
432
355
432
392
438
302
458
303
513
284
434
386
377
346
333
370
442
337
378
413
456
466
400
364
500
359
378
373
430
375
301
382
404
396
300
450
392
342
318
388
333
376
317
397
387
360
340
346
385
365
325
375
327
385
327
418
305
397
325
376
328
387
382
413
455
369
358
448
341
446
323
385
376
412
252
447
305
440
311
491
418
431
397
426
405
254
439
776
535
425
449
730
531
376
348
154
321
400
481
378
358
413
441
329
409
349
403
386
398
469
299
398
383
417
290
438
480
405
346
394
468
362
361
442
406
345
385
393
334
417
349
455
338
370
367
428
286
349
439
298
358
305
434
331
353
362
390
325
276
421
325
368
350
433
327
380
334
328
333
436
322
324
376
377
358
394
442
292
474
355
474
342
451
373
481
354
358
396
523
339
337
431
521
341
372
542
436
407
324
389
476
358
362
357
490
417
322
419
318
380
383
418
326
437
376
376
338
395
448
323
432
407
368
304
417
454
395
328
374
463
388
380
384
394
407
361
387
454
334
385
374
410
382
291
441
420
296
403
327
415
256
437
395
353
377
367
383
439
273
392
365
364
382
361
335
347
332
360
295
403
311
427
328
423
290
382
406
347
419
421
460
363
420
418
465
312
421
417
406
357
432
409
395
333
415
422
411
383
413
404
436
399
417
343
451
362
378
389
492
406
398
375
489
423
369
348
449
373
401
330
397
306
450
273
462
333
507
262
474
368
447
349
410
389
467
415
346
400
432
376
373
421
359
494
309
367
373
393
356
333
287
388
446
272
371
304
488
328
262
331
392
352
391
343
502
372
377
346
462
326
412
265
459
338
470
340
465
411
473
297
471
365
426
354
355
353
484
302
421
441
413
396
388
450
396
361
344
387
447
390
378
396
460
402
418
398
262
395
461
494
198
371
469
460
272
354
441
456
327
408
431
450
371
394
436
458
372
393
386
421
415
346
419
411
379
371
331
436
303
451
334
471
324
497
279
494
341
423
347
423
408
376
346
353
364
364
343
333
376
430
365
333
296
423
306
295
333
349
347
301
338
426
399
291
415
347
405
385
342
453
356
446
403
342
431
369
363
345
415
358
384
388
405
309
410
386
416
406
384
444
410
384
479
391
377
498
360
424
347
422
383
403
408
370
403
506
403
330
372
468
417
380
511
359
344
436
382
331
443
401
331
323
451
409
319
424
409
349
340
493
378
356
403
355
522
349
399
346
478
281
350
322
484
253
473
297
442
297
448
309
438
305
402
299
468
275
397
215
498
266
414
250
423
258
456
298
393
333
418
334
417
282
410
368
394
334
454
331
435
378
385
450
378
394
357
419
401
480
416
369
464
418
365
371
401
486
354
365
456
250
405
394
505
336
353
433
444
376
294
407
474
278
344
390
431
346
389
320
450
410
418
336
472
411
457
303
412
451
387
374
357
431
373
436
332
435
442
333
361
457
388
301
367
408
367
249
456
424
308
370
370
464
245
374
353
499
255
443
305
492
247
359
308
429
231
401
400
305
351
392
382
299
378
446
297
362
461
395
260
504
463
356
349
440
484
331
399
416
451
299
406
382
419
372
359
502
307
388
311
408
357
426
354
389
331
473
426
359
349
405
293
404
291
501
328
473
328
484
292
411
364
440
320
480
433
266
450
392
477
291
434
452
446
309
347
423
410
243
413
476
446
314
316
451
437
305
348
384
397
316
409
359
379
366
368
334
448
240
368
309
449
249
422
265
469
320
413
365
428
341
413
415
377
438
322
463
329
418
379
384
405
407
469
370
376
424
534
269
390
471
447
300
362
421
351
378
342
398
432
335
381
405
452
348
397
392
419
364
361
379
393
387
382
388
386
413
371
410
383
369
431
211
409
361
455
306
461
421
427
399
402
426
360
426
378
413
425
318
449
534
130
409
387
456
227
390
400
438
271
384
434
295
549
162
376
315
448
230
368
294
465
257
402
330
460
322
456
400
470
353
458
352
436
352
493
194
625
334
283
209
533
365
365
319
530
366
414
362
453
398
414
343
636
116
492
304
411
267
387
360
401
385
411
414
381
371
428
305
449
293
436
300
524
312
450
290
462
311
377
320
517
398
374
265
449
341
453
257
503
355
462
286
413
375
332
403
360
427
317
416
375
352
407
381
383
374
356
419
322
419
422
319
340
330
441
305
390
349
366
393
310
437
410
303
380
347
382
375
358
365
327
416
418
395
371
381
486
380
270
440
344
454
320
401
407
364
387
391
357
448
328
509
379
387
388
432
461
400
431
340
346
450
352
418
465
348
359
357
438
377
402
416
378
374
323
453
297
379
349
516
252
430
368
463
320
410
440
438
308
369
352
437
268
455
326
464
301
409
368
372
404
385
394
373
369
354
373
400
315
385
420
375
318
358
424
362
389
344
385
338
309
344
377
469
236
457
404
425
271
377
452
318
355
392
482
328
331
414
376
389
329
507
368
400
376
397
390
431
395
349
421
408
331
433
408
526
454
363
301
397
452
327
467
286
512
379
403
294
398
401
348
371
387
470
351
449
372
423
384
354
407
372
434
360
463
268
446
360
392
356
372
435
295
474
293
495
300
499
315
404
369
387
364
341
401
415
336
335
367
388
290
418
323
433
333
485
247
430
287
402
308
355
387
313
473
226
492
369
370
280
460
387
349
376
362
518
294
483
350
479
309
372
421
388
386
339
466
421
420
320
423
425
350
405
395
485
406
386
339
314
471
307
420
339
410
351
357
409
373
354
439
391
347
343
401
342
413
300
457
418
421
283
399
397
338
430
344
415
469
386
313
420
369
355
370
370
422
475
345
390
367
408
276
439
308
435
409
393
305
367
355
344
414
330
403
418
400
305
352
400
296
377
277
463
378
381
317
421
393
302
444
347
465
385
376
387
400
418
318
432
344
469
325
440
334
418
406
322
439
304
505
325
461
312
468
346
-1079
979
228
1438
1068
1492
751
513
274
136
-1119
-478
-681
1
-521
1196
-158
1224
891
-496
-559
237
80
92
-53
289
2456
1582
766
1738
-76
1812
-217
493
-566
434
-698
-545
-303
968
296
1063
671
1436
793
541
-1042
727
-587
1362
969
1813
217
1138
534
771
87
-123
-492
-1147
-2236
537
-266
1045
2676
1938
307
1235
-298
330
-739
-691
-1928
-52
-672
716
243
1200
1822
2248
140
-783
-424
-1598
183
11
418
-205
884
564
1125
2570
2029
1553
1579
-651
1651
-516
284
-2433
-1080
-484
195
362
-57
-27
1253
4043
1469
775
1397
187
852
312
711
-4
466
-231
1353
-3533
-1347
-623
338
405
-468
95
710
639
113
335
1205
-346
3107
2808
1361
548
288
-155
1299
587
372
115
466
838
-678
-3480
-472
123
-609
607
9
472
-23
1078
-95
1882
3365
1825
402
1613
-435
1128
-276
1334
-1647
-2508
-901
1605
-13
-170
-1032
750
41
159
-180
818
562
433
173
4401
1762
1017
728
370
1003
481
321
213
79
1170
-2527
-2309
-315
188
404
759
-308
102
328
1161
561
597
460
304
391
594
371
392
3030
1182
796
2122
34
1065
1111
-730
509
898
899
-273
432
559
776
-1640
-407
313
-470
-946
815
492
433
1166
1517
1122
1062
1031
419
125
-542
-971
-1713
-684
-323
-33
-201
463
563
589
342
611
552
498
303
444
738
-248
2655
2284
919
1309
426
-124
1206
1050
432
21
706
601
193
-3
406
-1286
-807
301
-670
-900
698
1110
463
1315
1617
1430
975
819
731
478
-468
-1293
-1575
-992
-394
-333
-142
338
663
498
490
590
649
455
856
74
1185
-3726
-1085
-492
211
254
-230
202
938
2039
2694
1485
944
1684
-803
971
316
755
-96
-3107
-1231
-76
-459
755
-401
451
184
842
92
708
463
514
3492
2287
955
837
455
-454
1056
812
492
-93
707
229
945
-3717
-1042
-418
73
291
-267
280
671
2029
2722
1663
823
1768
-805
1068
190
851
-586
-2848
-1303
63
-736
916
-485
509
-14
969
53
788
250
954
3034
2421
823
1117
179
-332
1018
957
340
28
623
482
604
-3679
-937
-262
-21
416
-288
913
1051
2144
-38
949
-2497
-1737
-560
-89
987
-814
143
444
1058
-190
981
-332
3328
2809
1233
677
430
-93
1207
641
454
56
841
-110
1236
-3498
-1263
-663
233
401
-485
319
569
791
3694
1835
1172
1131
-30
1094
542
303
-54
394
-3270
-1063
-430
-47
644
-323
223
392
802
75
929
-494
4205
2056
1350
270
934
-665
1310
421
768
-225
866
-53
1257
-3849
-962
-633
306
204
-266
530
-11
2690
3004
1298
1033
197
93
1244
878
-170
733
-1365
-2212
-1056
364
-947
1398
-367
646
-205
1167
217
1200
522
1356
91
695
191
743
9
381
-56
1073
-3629
-1146
-493
248
357
-283
404
216
4218
1723
1221
910
334
1069
526
429
-346
1215
-1862
-2425
-1071
728
-1238
1332
-318
849
-370
1098
512
129
1688
4071
1173
561
1406
-19
687
232
730
-35
388
-112
1212
-3626
-1199
-586
322
349
-389
588
-256
4332
1779
1370
683
445
1089
629
234
-316
1302
-2481
-2214
-758
304
367
867
-550
226
366
640
408
-457
3055
3311
992
653
338
223
1051
633
424
229
586
209
783
-3495
-1048
-402
1859
3100
1887
617
1601
-574
1078
255
866
-591
664
236
-3134
-1491
-50
-168
714
-548
427
328
783
505
-384
3986
2580
1143
408
815
-345
1097
498
712
0
223
1350
-2932
-2007
-328
172
744
-995
372
596
848
1310
2950
2146
878
1169
17
-568
986
1003
258
-545
1633
-2822
-1716
-852
367
740
-762
-100
676
782
406
-664
4183
2563
1051
244
914
-361
1086
449
780
0
314
944
-1039
-3311
-435
234
-739
653
57
846
-594
3189
2318
1973
528
614
-380
1708
516
581
-87
692
894
1548
260
-1493
977
2120
-864
717
3045
-1989
1168
3780
71
13
1981
498
596
283
1285
273
313
244
371
219
698
-979
785
842
-1257
-550
1224
-991
-1414
1602
-45
-445
1713
1562
1087
1015
1379
1008
496
386
547
211
546
-1178
770
-967
-2304
-852
205
-783
1193
-238
446
-151
1097
-2
1089
1202
2022
2103
1507
751
1567
-1115
956
409
938
-682
626
39
-943
-1185
-1092
-71
-262
-1016
997
1528
878
1381
2361
1694
618
1260
-866
1124
389
839
-439
785
147
889
-1493
-790
-737
-930
-1035
39
121
180
286
255
462
562
533
619
741
754
902
279
1522
-71
2112
-519
-997
2684
-4110
2093
414
-1464
1340
-1485
1474
-1014
3244
-2234
1951
1689
79
-9
3211
863
-119
149
505
498
552
338
392
840
-709
1327
-912
1407
-1593
564
-1265
1039
-862
1313
-509
546
267
1588
-177
787
735
1608
523
-325
1122
316
119
89
-926
645
-215
-56
-832
1509
-959
339
803
769
-1486
3198
-1411
2418
374
-2227
2863
-1331
1364
1812
-529
227
1355
394
865
533
-1372
1043
-549
425
-770
835
-385
2438
29
1169
-764
1829
-899
1064
214
1458
-1467
2862
-1404
559
711
-179
-1881
872
1342
-1437
1523
-522
3370
-726
-654
2528
-1399
-215
1881
-1147
-879
2496
819
-2772
3480
-1244
-1683
5040
-1541
-1826
3336
-342
-1699
4127
-2543
1370
3429
-2448
1544
4150
-3494
2049
2680
-4284
3310
-818
-3062
1763
1811
-3821
4896
-157
-1782
3228
-426
-1178
1735
-852
143
2871
-1153
422
2158
-2331
-77
2796
-3108
1728
1683
-1817
1024
1172
1144
-1006
674
1559
-274
-392
2906
-1891
1249
1128
-601
91
1386
68
138
1954
-1736
1574
358
420
407
398
335
399
403
390
374
345
388
381
360
333
412
395
366
356
444
348
421
358
437
351
431
387
383
348
430
344
368
321
348
395
358
386
359
390
385
404
382
380
421
361
403
414
410
388
381
462
375
364
337
421
323
326
344
379
361
370
325
390
346
400
385
399
349
424
340
393
302
422
307
358
314
380
370
350
347
375
388
364
388
337
446
331
449
338
442
349
427
341
445
379
407
397
367
408
387
398
352
423
393
395
377
417
398
402
412
404
426
400
435
395
381
370
457
363
428
360
463
327
454
397
408
366
408
426
342
424
392
403
397
437
422
392
424
392
446
374
405
393
419
366
385
394
393
381
402
365
407
388
348
372
385
382
345
397
388
353
377
350
410
316
408
359
387
324
384
375
342
383
369
378
367
367
370
383
393
382
380
391
421
428
372
406
395
416
376
391
394
403
400
414
410
359
417
402
391
371
406
419
369
425
339
405
380
401
398
393
360
418
355
418
377
354
415
355
398
381
377
400
353
374
391
379
350
398
351
443
371
438
355
425
408
368
383
399
405
361
382
384
385
401
391
387
396
360
421
361
383
407
369
390
382
421
343
359
384
380
319
354
348
401
309
372
351
400
274
381
334
399
317
385
292
411
335
376
342
403
364
407
333
397
395
388
376
403
393
386
402
394
398
415
421
363
411
388
418
385
388
386
397
358
460
310
402
374
399
314
425
350
411
352
442
297
430
349
434
320
477
349
397
347
424
377
361
353
399
382
393
397
361
408
399
379
366
404
399
382
381
371
421
380
396
375
434
391
401
346
386
386
360
334
411
386
369
352
360
384
382
334
378
373
383
305
360
373
353
358
374
379
371
331
369
352
398
319
372
403
390
377
403
361
391
386
413
399
410
408
414
362
384
434
384
374
394
437
402
390
424
388
396
354
396
378
421
349
423
383
432
345
443
370
420
397
386
367
433
399
390
387
433
350
400
377
407
348
392
413
374
389
384
411
368
385
383
397
389
367
409
385
359
361
410
408
369
373
365
439
383
333
379
377
380
342
419
346
383
311
464
315
360
325
398
360
337
353
347
401
326
365
350
420
342
337
378
382
387
356
371
415
353
344
396
398
376
347
391
378
367
378
406
391
403
379
425
359
412
341
407
375
391
387
391
358
396
394
399
381
387
431
374
414
392
406
427
347
412
377
427
365
379
379
413
372
384
380
414
381
370
398
395
340
393
357
422
375
430
355
461
400
420
392
366
445
392
385
368
431
383
353
375
383
399
362
379
359
422
358
379
361
403
330
389
359
358
338
410
349
360
374
367
368
372
352
375
340
377
369
411
388
413
393
407
381
395
360
378
377
396
398
396
385
395
393
406
370
427
370
387
431
331
409
405
416
296
442
403
406
376
423
374
404
373
431
418
363
404
415
418
401
332
451
360
402
319
454
362
407
346
430
401
418
338
432
395
390
365
402
425
368
382
384
442
321
421
367
429
298
463
370
446
325
436
385
374
348
394
391
333
378
354
391
313
410
326
407
339
385
350
399
335
371
376
388
375
417
378
375
395
413
373
367
394
381
379
344
409
358
391
380
417
381
418
366
369
365
443
339
425
412
407
417
336
411
371
394
359
388
411
404
412
343
411
425
347
380
393
476
283
443
380
441
316
396
364
431
322
399
409
419
348
394
421
421
366
402
372
386
360
433
367
400
367
438
316
380
384
410
365
372
365
363
346
394
363
369
342
413
341
387
386
374
355
370
359
390
329
390
351
389
340
329
383
382
342
325
390
378
337
341
433
400
319
361
406
399
376
396
358
433
336
413
404
393
378
407
389
395
321
318
395
391
353
320
391
441
336
375
425
416
334
399
442
393
326
433
382
396
347
394
404
381
322
409
361
392
277
420
361
343
344
408
364
419
344
435
386
438
337
422
350
371
397
415
363
381
360
374
380
371
350
420
320
406
372
377
363
349
394
374
398
339
425
395
367
410
370
405
299
424
330
389
330
410
318
383
354
398
311
416
396
358
300
427
373
406
337
418
377
411
346
421
362
425
367
401
395
394
362
400
403
394
365
402
382
363
401
390
383
384
354
452
410
394
341
410
373
367
389
397
397
409
329
427
398
409
389
396
446
370
354
365
438
345
390
358
366
401
349
392
370
398
372
352
391
395
365
368
394
412
409
334
329
429
385
354
338
416
355
341
385
382
336
385
334
410
364
364
344
389
368
389
307
399
352
380
379
387
349
395
357
431
374
416
328
389
391
377
364
345
434
372
372
344
410
423
352
369
416
466
298
497
302
454
399
443
333
501
340
433
359
475
378
417
298
430
363
442
323
408
374
421
364
343
433
378
414
394
346
437
447
415
346
407
438
354
364
353
488
389
360
409
425
413
361
353
377
430
349
361
440
437
359
342
417
363
365
322
405
360
348
370
420
383
325
322
401
346
341
378
397
372
337
346
436
336
405
292
508
331
433
313
473
380
384
347
402
408
358
336
405
359
354
370
482
338
408
337
441
436
332
538
280
468
272
532
298
398
356
474
320
404
394
526
290
482
325
429
303
474
257
483
378
373
354
457
374
446
321
446
467
358
426
349
439
323
406
340
405
347
381
364
353
379
330
397
392
408
351
448
349
377
371
385
387
441
365
349
316
385
400
384
375
339
412
365
359
318
447
275
365
362
437
253
406
433
369
355
410
441
318
426
325
413
353
481
336
420
370
399
380
442
404
343
471
285
471
365
482
305
501
187
565
236
343
247
552
202
280
340
386
377
346
340
446
500
468
397
424
426
517
447
390
357
428
411
358
293
249
473
280
293
248
539
236
433
235
401
295
517
365
412
444
531
444
449
438
557
304
592
344
418
285
503
318
325
359
286
305
295
385
348
300
342
318
387
448
354
342
430
519
566
387
547
492
403
480
408
435
324
440
201
437
238
411
127
545
218
475
237
499
236
551
297
603
268
498
373
572
504
285
525
437
411
351
587
317
521
264
570
302
556
268
505
325
471
253
478
284
501
302
517
266
446
250
528
284
498
279
501
223
563
310
522
375
464
301
518
358
448
423
440
402
468
268
459
351
487
248
523
311
487
282
410
420
399
409
368
449
357
406
276
519
486
358
292
472
356
439
379
456
380
379
362
403
330
434
231
342
453
360
286
394
381
468
327
427
409
365
473
314
418
306
521
276
450
386
460
383
381
490
404
388
307
475
270
543
328
428
404
354
418
326
403
500
324
367
379
509
270
341
432
507
304
511
307
418
292
517
357
393
256
514
332
499
274
385
512
454
426
232
432
406
333
354
393
467
311
422
418
507
400
399
323
463
250
398
326
426
312
359
398
436
408
292
564
308
365
288
466
466
214
342
474
615
296
358
319
571
265
451
212
514
370
342
390
392
363
369
480
362
379
405
530
327
437
360
504
317
359
472
203
588
353
538
240
491
287
571
301
413
295
366
357
429
403
375
342
471
320
304
384
439
339
262
445
304
276
257
502
283
446
258
456
398
533
255
347
518
244
436
495
364
266
495
252
548
274
442
361
366
437
301
423
204
605
110
428
337
458
153
451
292
691
125
444
335
574
279
386
382
555
298
440
367
463
313
400
346
485
314
543
328
341
419
361
483
207
384
517
326
340
454
323
402
470
602
220
493
-6
943
324
570
391
330
25
964
-54
471
150
752
359
276
455
492
419
-138
434
611
768
38
426
373
567
58
525
291
667
177
518
319
847
65
347
103
558
397
495
393
578
114
437
171
690
256
296
537
343
444
269
668
321
253
360
519
233
528
308
498
156
589
323
436
34
729
110
558
22
771
113
379
117
610
95
574
285
693
105
611
149
685
13
362
316
524
188
471
407
546
423
166
295
519
533
277
578
258
33
501
607
282
563
236
553
287
414
393
486
291
359
448
298
382
446
302
591
348
369
359
507
287
409
375
509
273
515
314
422
233
550
151
738
194
379
472
514
336
477
275
550
212
573
240
465
310
341
425
425
272
485
281
472
474
311
171
600
331
236
412
393
212
554
245
601
75
467
355
491
301
395
334
615
180
460
303
463
237
523
278
456
350
380
197
625
242
380
381
531
360
520
253
545
224
578
208
626
71
770
135
467
280
582
253
564
342
371
275
606
112
674
181
562
121
612
332
466
198
476
361
619
114
591
344
538
140
330
542
478
221
317
438
500
196
312
429
476
95
501
431
562
39
500
384
520
149
613
468
568
4
578
421
560
168
282
601
339
403
345
442
345
330
262
451
351
337
86
671
143
509
345
506
243
535
223
468
339
401
288
440
351
397
400
337
428
347
438
451
337
174
695
34
558
39
784
124
649
158
490
433
399
386
427
419
446
338
211
591
335
223
422
450
324
207
571
428
327
259
417
553
378
367
330
443
542
216
468
459
422
311
610
341
440
278
574
314
374
298
387
438
347
333
495
303
487
240
650
171
541
227
623
265
412
467
310
337
304
590
241
384
506
396
167
506
376
396
153
616
191
493
223
534
260
338
285
582
309
393
413
385
375
298
466
307
280
547
271
462
350
367
423
237
497
312
419
356
482
321
567
365
368
463
405
354
356
443
369
360
326
464
416
369
363
454
394
405
393
477
328
388
379
486
303
426
343
459
407
430
303
430
432
394
404
325
378
431
394
335
438
403
414
395
423
367
361
406
334
458
393
437
426
417
445
319
409
384
326
358
442
371
420
364
406
340
381
359
435
340
392
411
365
413
368
307
395
427
364
339
363
355
320
352
317
423
345
379
466
362
387
305
440
333
374
310
436
370
334
311
433
324
550
272
456
254
598
218
462
299
524
330
444
317
483
391
426
441
290
539
388
400
291
508
366
400
378
481
364
420
361
457
364
370
408
399
476
324
388
353
468
285
383
463
365
407
303
476
313
403
342
428
385
419
351
517
315
485
274
491
361
366
245
495
308
430
307
424
271
408
319
370
294
440
381
405
322
410
460
350
398
335
448
440
222
284
793
257
300
413
606
444
212
92
633
452
416
239
342
382
640
216
426
386
408
340
406
451
303
456
410
456
283
475
398
422
302
350
465
335
376
382
421
343
377
451
463
323
425
456
429
331
365
514
374
434
286
536
375
430
327
564
393
390
347
418
371
416
295
463
391
394
321
436
453
367
375
401
452
358
363
465
387
460
362
471
403
381
368
371
352
361
415
288
506
378
475
281
505
415
388
295
420
452
349
361
405
413
457
355
394
393
439
344
438
351
467
339
443
406
442
379
388
372
351
475
434
289
359
431
468
380
458
384
464
401
397
330
359
510
300
412
373
496
279
533
335
493
270
510
402
410
314
399
393
310
374
458
379
373
442
453
259
422
315
527
260
462
292
473
304
495
248
475
339
557
281
468
406
512
373
383
449
347
395
402
450
349
476
244
466
298
404
273
425
333
453
238
485
333
468
282
459
375
457
357
446
450
383
369
425
407
359
403
363
481
353
327
451
431
340
328
317
498
348
474
361
457
446
415
380
425
365
386
364
428
353
374
353
436
380
424
328
428
418
399
371
365
534
323
446
282
544
367
448
284
404
394
39