538
3391
-8638
30812
27808
17720
9513
2935
593
365
454
322
554
342
412
456
464
377
417
422
448
317
463
400
315
6
437
340
492
285
553
407
525
195
593
365
454
322
554
342
412
456
464
377
417
422
448
317
463
400
315
6
437
340
492
285
553
407
525
195
593
365
454
322
554
342
412
456
464
377
417
422
448
317
463
400
315
3976
3748
-9563
-23338
31134
20265
9490
4931
1254
1008
1652
721
771
471
815
222
371
243
546
216
412
399
575
360
463
433
537
360
473
414
473
358
482
406
427
352
429
424
425
388
446
405
453
394
420
413
404
373
406
435
398
407
355
432
372
387
363
461
369
433
380
411
385
393
393
377
362
366
384
349
415
384
418
374
412
404
429
399
412
419
400
354
453
376
453
398
434
415
449
423
448
395
444
434
412
408
422
421
387
471
389
473
375
510
386
471
390
514
387
448
321
505
372
418
342
426
401
410
354
400
403
419
372
390
432
453
370
376
372
436
394
362
406
419
365
401
391
439
348
399
370
434
324
418
360
431
352
403
387
391
381
380
382
432
377
401
435
384
394
391
398
413
354
407
367
421
337
391
353
401
346
391
372
351
339
340
381
345
373
336
424
381
397
308
410
367
389
375
404
372
372
423
415
371
411
391
422
361
406
407
421
416
411
434
439
381
428
393
393
386
414
399
387
367
438
396
374
347
466
384
373
370
456
395
397
365
431
386
377
355
443
361
341
382
413
396
348
435
412
409
359
442
394
416
366
406
387
424
354
350
411
396
368
360
407
414
364
366
411
423
362
417
390
425
336
407
380
365
369
354
435
350
366
345
396
368
378
369
368
360
372
398
354
369
354
390
373
393
376
368
365
397
373
375
374
364
405
390
435
410
370
329
439
360
448
372
385
324
404
359
369
371
428
409
430
446
464
436
446
474
485
376
436
358
368
303
373
343
423
403
365
408
421
426
367
407
404
422
336
366
400
431
358
403
416
356
350
380
421
377
433
453
479
326
377
402
418
310
365
355
343
363
339
252
340
321
372
363
431
439
417
392
342
401
341
395
351
394
397
361
348
378
391
383
266
273
373
335
343
380
483
440
406
386
381
326
338
361
355
352
460
393
411
364
467
426
400
381
398
391
368
413
337
391
325
399
396
415
356
417
367
383
349
381
391
363
382
363
351
374
352
411
352
402
357
375
389
375
366
325
403
347
365
355
401
386
385
390
392
373
393
351
381
393
389
359
351
383
396
367
381
362
365
356
370
372
311
418
323
393
333
426
327
344
349
383
343
327
380
366
297
376
421
370
316
354
416
327
362
406
431
357
394
377
406
404
358
394
359
423
419
440
363
428
416
433
363
380
380
435
348
381
418
420
310
411
360
424
355
415
349
463
322
421
338
439
369
389
353
413
338
407
380
363
382
387
380
386
346
383
406
400
342
439
378
425
344
404
347
408
344
412
338
380
398
391
370
358
354
448
323
364
376
403
320
327
395
366
293
368
359
420
291
373
374
400
340
334
417
334
378
352
367
361
349
361
349
406
352
396
369
396
377
384
371
355
407
407
372
353
357
459
377
439
420
407
407
395
391
383
390
372
385
369
385
394
353
423
356
426
360
400
366
427
356
419
375
450
330
412
366
385
413
350
392
359
365
360
356
396
370
343
383
427
385
364
370
405
389
334
418
363
444
326
395
365
410
348
415
392
433
355
424
372
337
356
402
359
339
340
377
371
310
379
354
359
365
380
344
389
393
371
395
381
405
322
442
311
507
300
462
304
481
286
451
355
442
320
480
353
369
432
428
422
410
420
395
412
447
391
363
449
333
403
351
451
343
398
375
465
391
376
396
437
372
369
419
411
351
402
409
389
350
405
392
377
376
390
418
368
366
406
408
333
411
379
419
370
414
368
435
389
387
385
458
359
410
406
408
333
382
375
394
317
398
343
336
372
406
359
384
362
375
380
360
372
389
371
399
347
406
410
376
336
368
384
404
388
413
403
459
368
412
400
420
397
416
426
383
428
334
457
442
428
336
478
412
421
312
438
371
456
350
379
356
433
360
378
448
420
366
405
400
438
384
364
438
442
426
393
339
445
382
379
323
441
399
361
394
411
413
351
399
371
420
396
362
362
379
353
464
357
400
341
404
393
359
343
371
419
399
337
380
446
335
367
325
444
338
357
276
413
328
381
344
358
412
364
318
395
350
361
338
418
330
376
402
399
414
427
332
390
354
401
355
434
371
426
397
450
480
444
359
324
469
448
322
428
395
386
355
367
402
419
357
348
457
398
387
375
466
369
394
370
433
358
365
366
418
431
312
397
381
406
352
424
342
423
324
423
306
372
372
359
392
345
414
400
337
398
395
414
299
353
440
384
275
350
529
371
260
410
453
355
273
436
424
256
277
423
435
277
292
471
374
317
322
478
264
407
431
457
321
507
470
447
506
571
575
594
693
760
560
455
448
452
355
198
404
193
727
640
-401
1049
721
620
-255
825
34
-2136
-1869
-7
-477
1152
-879
430
650
218
3028
2791
1194
885
237
-139
1168
781
325
40
667
329
523
-3552
-952
-291
-59
430
-232
254
397
660
615
-225
3574
2710
1108
564
540
-209
1137
596
554
-182
885
-248
-2075
-1898
78
-643
1259
-879
463
483
538
1912
3438
1378
700
1519
-393
778
304
800
-299
565
-284
1511
-3205
-1730
-564
241
566
-782
148
606
749
223
220
2912
3146
814
981
163
109
964
863
247
210
361
1005
-2012
943
-127
1049
-2175
379
-848
227
553
758
-1418
1975
606
1706
-830
2093
314
207
-61
-2692
1450
-165
-1048
579
640
-12
-368
687
661
368
33
1662
788
1444
1461
2046
1274
828
611
763
233
147
147
373
157
347
-733
708
-1510
996
-1277
1493
-1921
1996
-598
1901
-1365
1974
-354
419
-404
-680
967
-308
-437
-163
731
591
-155
607
371
1109
683
1800
331
1715
1140
1426
964
598
748
529
371
94
411
110
233
299
-651
942
-1157
1480
-1035
1967
-1666
2177
-994
1795
-1147
-239
-416
-2420
822
823
1094
325
-592
3497
2888
-694
902
850
259
306
1078
694
397
270
-281
1729
-2405
-1900
-1816
4075
-281
-2220
-355
4932
-1883
-605
3222
2087
249
-520
1480
-644
2188
-2787
-2282
4250
-2725
-129
134
2291
-31
-1021
112
3385
1452
-1618
3219
224
1706
-117
170
617
1297
103
-262
1497
-2517
-2568
3092
595
-1778
-486
1598
-295
-1384
176
5502
-889
-1453
2546
2549
-1411
1064
-2733
-1510
2599
-1269
860
-1403
2092
-798
364
697
4041
-1568
1854
2567
800
-446
1898
-489
962
-2
1363
-553
1734
-2995
869
225
100
244
555
13
187
317
492
141
371
387
618
207
249
600
532
198
414
435
476
56
675
169
272
317
793
205
235
807
644
103
489
609
506
97
512
429
371
201
302
459
113
420
396
168
207
586
503
12
134
798
444
-28
336
546
403
319
452
504
448
554
344
462
563
559
219
440
490
198
435
429
381
175
442
322
411
227
376
304
301
225
352
406
342
267
556
457
294
511
504
257
312
497
185
191
526
390
138
387
1294
946
-213
57
980
-383
924
-392
4044
-856
2707
40
1838
-2723
-227
93
2052
1369
-1038
1517
121
2076
-2127
1523
1528
-1243
580
1595
-103
-1471
635
1829
-115
-302
740
1395
-1603
70
-1004
368
-1003
1235
2489
2112
664
-10
-800
-473
75
789
2206
563
-1255
1867
-3045
1471
340
3388
1015
1136
-1
-767
-740
-1105
1478
-137
555
1144
1515
221
-363
-19
1523
0
-431
269
3
-1651
-518
1177
747
1878
547
1496
1358
-1608
-212
-480
424
-1209
32
2818
2558
79
1854
-2167
403
1406
598
2012
663
3
3826
2064
1129
329
691
-596
1143
855
-262
339
-806
-2529
10
-342
-430
1169
-240
3879
1606
1659
637
229
889
926
-468
-3074
-940
114
-690
745
-318
819
-619
3160
1095
-339
2900
110
1830
850
-4
598
1105
755
-714
-497
-1698
-1172
-695
94
-185
821
2877
2755
777
1342
203
-72
723
1131
-344
-3198
-793
273
-594
622
-267
521
255
574
1323
3349
1739
802
1384
-339
1063
285
710
-655
844
-2907
-1362
-724
28
964
-337
-296
4179
2459
834
500
1030
-748
1424
-836
-2357
-1305
4310
1945
1438
432
499
1250
686
106
173
453
560
-627
-3120
-742
373
-1022
2365
1409
2497
1078
-163
1965
-364
778
619
-530
-3098
-439
119
-605
787
-157
966
-643
2331
3642
1296
832
-45
519
1240
711
126
368
810
-100
1053
-3264
-1118
-545
-115
1684
2751
-657
1583
2415
10
-286
1833
-890
-2444
-1939
2144
-546
157
-599
-506
992
-360
4181
990
-323
2398
926
1270
617
-471
968
915
499
-184
672
575
388
-69
587
78
791
-1218
770
925
-1549
-1927
-661
397
-627
-383
518
944
510
2879
1349
1140
442
-47
1298
816
407
16
778
478
250
143
502
645
-298
341
369
-2231
-1870
13
-58
1017
-807
401
355
983
-144
718
157
3430
281
2929
976
203
1023
-162
1037
354
825
-152
1063
-418
307
553
621
467
-1117
1607
-1609
-1391
-2269
2209
-50
-1812
1942
-725
673
-471
2097
-1134
5108
-1953
1930
1571
2112
-383
1306
1417
-883
183
983
1015
-304
-346
1230
301
933
-2772
2043
-64
-2658
-427
520
-760
635
-278
515
-129
688
621
-541
3453
-284
2114
2295
404
984
98
13
-351
1208
237
991
-184
987
-93
1549
-3051
2721
-2589
-1670
1195
-644
132
-522
920
413
-658
3089
918
-939
-349
3592
2161
629
519
890
-362
1004
709
803
-553
1190
10
1807
-4465
3467
-2552
-1218
399
-156
137
-104
592
530
-787
4102
884
-1078
-794
3907
1832
118
276
1107
71
732
480
1266
-1769
1944
-309
2673
-5828
3832
-1670
-2949
968
1200
-1953
1592
585
1088
-2087
4525
2266
-1254
-610
3872
-279
233
378
1551
-1378
1336
868
1554
-1749
1926
-35
2530
-6070
3881
-1374
-3482
2151
721
-2070
1861
-360
2297
-4499
2342
1445
486
-3117
2057
-60
791
-1822
-1054
-207
1027
-111
-121
549
924
2292
-2058
4131
2979
-356
1792
669
-157
241
722
1976
-3879
1344
1326
2777
-4712
2617
791
-643
-2117
-1386
962
-1301
4817
-2800
1088
-1833
5142
-2091
3187
1235
1121
1138
138
765
758
316
576
-503
37
745
1501
-3254
1884
-319
1147
-1605
-1079
-390
-572
1343
164
-238
-1317
5372
-1122
-868
3241
2348
-410
343
1157
5
667
789
1109
-595
791
1052
-252
-3728
3347
660
-2292
-1087
-332
30
1165
-535
518
-413
2438
-1713
-159
-393
3861
-3340
4068
2366
919
-107
1957
-638
1354
158
1349
-81
-222
229
1666
-1337
-2830
-1255
5241
-3099
-276
-320
-562
4293
-2164
146
-1308
4661
-1778
2895
1317
1609
-1231
1293
1149
1531
-682
1068
445
33
-125
1618
-2130
-1431
-433
2782
-378
-2529
396
-1192
1998
1503
-202
-2039
5710
-739
-1411
2322
3629
-2262
486
1709
266
1992
84
1774
-2577
2040
44
1806
-2739
-922
2264
-698
-1758
-541
-972
363
-266
1129
-972
3319
777
-1408
3521
1857
1385
46
900
275
1673
-359
1687
-2839
2202
54
2172
-2160
2169
4061
-3645
2431
2797
-3357
-416
3316
631
681
1083
952
-344
274
1301
2016
-4400
1447
2989
-1698
-3709
4832
-2032
-2115
661
607
-376
2142
-418
44
4763
-3095
-1027
5162
408
-2679
3097
2193
318
998
541
-602
927
424
1882
-2516
-386
3060
-729
-3663
3471
-250
-3169
705
350
-1481
4817
-211
-2012
1540
1109
-1738
1020
5389
-2177
-1798
4073
2312
-2419
779
2388
-1464
935
1844
574
-3872
2361
3223
-3177
-1879
3973
-3054
-153
-686
41
903
257
1185
-196
-424
4541
98
-2684
2870
3635
-4046
1348
3536
-826
563
540
503
287
194
119
21
-62
-93
-27
4
151
136
344
378
587
528
652
580
714
515
652
527
650
514
683
524
574
509
477
316
388
219
152
23
65
9
54
100
171
258
290
425
509
558
602
726
640
668
648
771
624
708
697
702
579
621
504
505
287
289
189
-259
2870
-4103
1164
1855
-3976
3460
-3322
5266
-1186
-3150
4337
-1
-1462
-771
3181
1959
-3254
1665
1686
1599
798
239
1152
681
538
-488
1713
-731
-1331
1581
-943
-2686
3314
-150
-1269
4463
-3335
31
578
606
228
-86
1285
632
-639
633
1135
-312
447
686
540
-98
967
388
-121
1354
87
14
791
732
-249
-61
1103
-62
-44
553
235
643
82
541
433
852
442
93
1047
370
609
252
253
919
501
-65
-228
1138
479
-672
401
773
133
-330
662
630
30
552
300
581
574
283
443
462
681
93
399
692
362
217
395
703
325
243
290
403
244
112
52
270
290
172
139
614
502
467
226
539
758
233
459
418
521
415
480
535
364
512
608
383
140
414
423
418
367
411
371
390
388
437
382
404
440
413
356
412
440
376
393
389
377
438
367
416
378
407
370
430
370
418
357
415
373
412
414
390
370
394
388
403
362
416
393
408
378
422
411
416
396
411
428
378
407
364
460
370
392
358
416
378
395
369
361
391
339
373
362
398
319
395
359
373
320
405
358
399
363
382
423
365
391
325
403
359
345
384
402
406
424
362
405
412
427
332
384
379
402
365
424
397
422
381
391
427
464
382
370
416
413
371
385
411
429
364
419
403
446
350
418
362
464
357
402
398
442
379
423
352
422
384
364
397
370
411
408
425
380
380
401
409
367
404
376
391
375
417
387
375
365
437
408
394
374
411
386
391
382
398
419
420
386
421
380
389
323
388
344
381
332
386
338
423
324
386
361
406
359
344
406
397
372
327
378
414
344
377
386
435
338
417
375
453
344
419
408
437
366
407
422
428
399
436
461
429
366
426
405
434
325
436
422
400
345
385
440
393
382
369
407
390
370
394
439
395
395
388
418
412
335
406
358
419
341
423
378
406
383
401
388
391
376
396
405
388
397
382
392
337
377
387
402
364
357
409
396
362
365
400
417
333
414
414
425
319
364
375
378
306
352
381
419
366
374
428
382
379
357
395
361
347
339
380
366
381
362
417
376
456
335
438
381
464
325
430
390
428
377
402
399
432
370
371
439
388
416
317
420
398
403
316
429
380
396
375
416
379
411
393
397
414
431
369
405
416
418
360
418
401
374
355
382
370
371
351
390
357
372
401
400
385
413
402
409
376
414
388
403
388
389
384
373
420
369
382
365
367
345
374
350
363
391
360
351
351
413
352
358
366
416
378
354
403
351
422
378
388
372
361
360
338
360
358
331
347
354
363
378
366
378
406
415
415
386
468
385
420
378
476
408
410
396
393
482
374
427
378
420
374
450
357
417
346
463
340
411
371
440
315
422
376
424
361
435
373
446
352
442
364
419
357
419
379
352
385
398
409
362
393
418
395
385
413
416
416
351
372
396
418
333
378
391
394
338
386
400
375
383
415
422
370
414
375
423
355
399
408
334
348
365
394
317
355
371
354
331
381
342
387
330
412
328
390
345
400
363
437
358
431
367
416
354
399
389
420
365
433
409
410
398
384
435
378
414
406
468
351
403
402
444
335
462
373
446
351
425
332
417
360
419
334
417
361
408
370
444
318
431
342
424
354
420
377
408
368
396
417
416
393
381
393
419
350
409
381
429
373
375
392
375
385
297
429
359
421
328
430
370
412
392
394
388
401
399
375
401
355
367
353
402
332
365
342
380
333
402
352
392
366
397
306
381
386
408
332
389
410
388
365
403
386
377
349
378
388
384
384
380
414
391
408
396
463
545
485
572
501
520
470
532
445
504
370
445
344
394
233
354
228
316
187
297
284
324
260
370
431
441
415
510
510
540
484
524
526
530
424
479
393
413
318
386
284
326
264
292
306
299
269
297
350
335
382
340
439
433
466
456
514
512
456
508
437
545
343
413
364
406
296
252
327
258
304
196
263
300
342
259
350
375
475
330
524
376
562
436
548
435
550
459
477
400
402
380
374
323
317
278
264
292
284
328
414
406
403
365
376
366
420
351
339
420
408
356
356
385
371
360
371
427
383
416
341
435
422
441
371
451
389
410
340
422
357
401
371
420
326
398
297
425
338
465
253
422
349
449
267
464
416
401
394
454
368
401
376
434
368
399
331
408
398
366
268
442
303
345
339
401
354
347
350
372
409
332
359
357
426
403
370
343
418
391
373
354
417
368
360
358
456
296
321
377
430
359
347
415
411
376
385
448
408
379
264
617
243
482
267
537
320
473
289
437
325
457
424
328
402
355
448
318
382
508
332
418
369
538
259
462
280
510
332
381
269
536
320
380
374
439
356
414
343
433
439
365
367
412
425
402
394
323
453
379
478
294
460
395
431
283
435
421
410
295
513
321
393
321
387
556
180
449
253
585
216
355
353
559
272
311
404
441
255
362
424
358
392
328
448
382
404
362
333
438
425
368
388
305
512
277
445
324
458
322
382
528
259
559
302
521
215
451
421
297
344
483
368
377
394
342
440
334
361
481
324
459
225
698
246
547
177
591
215
578
195
559
301
456
183
571
276
505
250
532
312
450
287
500
302
374
322
470
377
278
422
413
422
317
277
465
513
223
476
303
528
217
417
370
361
403
364
394
76
616
231
328
315
438
251
395
246
449
345
311
443
213
637
75
681
181
663
115
632
219
510
264
435
302
485
306
536
280
478
311
623
334
547
270
371
544
237
634
152
498
207
607
148
452
388
421
135
604
275
519
122
514
423
318
567
155
616
252
615
101
601
207
551
245
593
371
215
589
252
446
282
583
359
256
389
514
302
390
146
602
334
214
460
234
640
86
586
310
337
541
144
578
144
694
46
502
452
286
350
336
549
154
424
388
412
315
324
336
370
482
381
321
339
527
376
414
432
234
548
305
323
397
374
428
323
330
424
372
215
567
144
484
727
294
355
339
593
329
431
383
120
706
-195
647
535
586
-10
595
524
302
123
673
263
577
49
651
82
580
340
587
290
405
397
467
202
243
416
465
331
434
303
659
134
637
298
584
188
507
148
754
-61
681
167
837
-141
819
294
475
27
556
289
415
295
276
445
355
500
165
635
85
656
239
480
81
803
-80
959
-380
964
76
528
130
677
345
436
247
459
320
488
212
423
538
249
583
364
542
202
308
492
397
571
474
233
405
438
376
147
433
461
193
380
446
495
337
353
492
370
398
177
679
236
303
471
421
520
219
245
664
344
162
340
580
248
357
424
150
615
94
516
396
515
205
645
150
596
298
300
433
642
224
379
548
299
485
188
487
475
517
198
231
682
279
258
171
453
577
119
243
511
402
258
416
395
482
140
482
270
413
407
315
228
641
286
595
-74
707
359
340
322
652
215
226
479
276
592
196
341
554
338
420
574
236
442
379
531
314
440
293
493
250
457
239
522
308
422
247
514
347
359
281
525
423
449
223
552
422
346
268
482
414
394
301
478
326
311
406
395
373
348
493
328
373
346
495
328
430
348
401
352
351
407
329
438
358
392
361
479
331
365
347
441
330
342
370
369
303
401
382
359
269
421
318
365
344
439
342
407
388
387
308
444
295
328
323
448
397
346
426
374
362
423
405
364
340
428
390
427
294
571
347
405
337
509
234
454
314
442
300
464
355
381
401
401
420
371
448
354
459
303
395
409
443
391
408
392
336
368
400
367
369
383
400
377
390
304
427
390
403
317
426
344
434
260
427
369
406
266
418
441
349
378
291
470
362
432
247
502
284
423
279
432
350
359
305
407
400
360
334
496
312
416
329
510
226
417
279
509
238
471
268
534
264
382
269
478
271
384
337
433
319
450
335
428
356
398
391
362
481
299
444
433
493
498
413
433
405
458
331
423
332
361
311
372
341
360
285
449
362
400
349
413
369
408
361
424
359
417
491
270
464
315
492
284
410
305
458
270
422
315
371
373
334
313
413
421
400
418
375
473
393
403
362
451
417
311
465
410
208
341
456
186
474
401
92
101
710
430
-19
426
559
392
43
552
600
307
187
665
478
295
179
479
424
261
290
597
265
521
376
520
155
534
217
461
392
453
317
297
483
500
406
441
481
476
440
451
343
465
319
312
389
361
438
283
349
345
465
357
367
310
430
370
404
291
419
416
355
343
477
471
349
403
352
486
294
391
392
382
271
399
367
388
381
368
319
476
345
413
318
389
311
396
348
434
323
472
425
532
370
477
384
430
362
360
363
361
263
400
342
414
358
354
380
383
232
397
346
279
357
370
304
404
402
433
329
449
429
469
362
409
358
446
367
446
297
460
469
357
392
509
399
